A-108 A-107 A-109 A-111 A-110
A-2   639.503806   0.000000   0.000000
A-4   638.633275   80.456476   -0.050460
A-5   558.816910   1.122247   0.070226
A-6   639.773929   159.133166   -0.115347
A-7   559.493586   79.618793   0.098298
A-8   638.498605   239.077834   -0.288777
A-10   478.617372   -0.002917   0.158584
A-11   638.006093   318.144004   -0.485887
A-12   478.789412   78.626552   0.380557
A-13   558.721867   238.827972   -0.167911
A-14   638.048038   399.283803   -0.572363
A-15   398.631723   -1.187142   0.127953
A-16   478.999337   158.901951   0.414566
A-17   559.551193   319.369659   -0.445188
A-18   638.766893   480.468476   -0.725774
A-20   397.520039   79.185646   0.382071
A-22   479.393010   238.604396   -0.045631
A-23   558.884245   399.987719   -0.543240
A-24   638.803607   559.376303   -0.821703
A-25   319.180570   0.372748   -0.000312
A-26   479.958058   319.510174   -0.425720
A-27   558.846954   479.523037   -0.687654
A-28   638.514079   639.588640   -0.822423
A-29   319.509603   78.422856   0.060874
A-30   398.303350   239.373420   -0.043272
A-31   557.963334   560.013642   -0.769990
A-32   638.981452   719.381638   -0.834610
A-33   239.162431   0.623238   -0.055471
A-34   400.240402   319.678968   -0.391819
A-36   478.179137   480.557649   -0.627788
A-37   559.476442   639.652570   -0.767809
A-38   639.200326   799.753612   -0.897409
A-39   238.273961   81.457098   -0.017018
A-40   318.928255   240.171443   -0.162223
A-41   399.441053   399.340031   -0.481177
A-42   479.490130   559.369231   -0.688645
A-43   558.876345   720.348361   -0.804491
A-44   158.520937   1.144163   -0.052045
A-45   238.188667   160.298931   -0.019895
A-46   318.089438   320.799778   -0.380991
A-47   398.222132   479.457894   -0.557085
A-48   478.443986   640.103980   -0.709287
A-49   558.621931   800.300028   -0.820308
A-50   158.127517   80.903670   0.046446
A-51   238.357818   240.934416   -0.225874
A-52   319.304023   399.746187   -0.388267
A-53   398.499530   559.381644   -0.614004
A-54   480.431272   720.601679   -0.723984
A-55   77.605949   0.357862   -0.046795
A-56   158.283869   161.313588   -0.009557
A-57   238.524725   320.857577   -0.372630
A-58   317.958550   480.603876   -0.456803
A-59   399.091814   639.645672   -0.619900
A-60   478.494107   800.530618   -0.775693
A-61   78.963562   79.994204   -0.001761
A-62   159.160126   239.505510   -0.172346
A-63   239.041328   400.305302   -0.362594
A-64   318.921581   560.743544   -0.554298
A-65   398.719388   721.601634   -0.658108
A-66   0.000000   0.000000   0.000000
A-67   79.771413   159.941002   -0.004295
A-68   238.564095   480.512152   -0.455639
A-70   398.864892   800.275411   -0.673335
A-71   -0.517934   80.919841   0.030494
A-72   78.733094   241.476321   -0.078396
A-73   238.576839   560.880840   -0.501038
A-74   318.248864   720.428441   -0.548369
A-75   -0.347882   160.100842   0.046763
A-76   79.026644   318.854298   -0.167184
A-77   240.229012   638.937246   -0.461617
A-78   158.446768   480.386702   -0.332609
A-79   318.539806   799.077620   -0.559231
A-80   -1.315282   239.886935   0.015000
A-81   78.619852   399.932954   -0.103346
A-83   158.734394   560.933051   -0.357319
A-85   -2.286246   320.016452   -0.037740
A-86   159.713493   639.612147   -0.324500
A-87   76.963657   479.604726   -0.154995
A-88   239.667784   799.476969   -0.308463
A-89   -1.272476   400.781604   0.025834
A-90   159.619784   720.385531   -0.224109
A-91   -0.566209   480.709216   -0.007051
A-92   80.001315   640.384460   -0.152787
A-93   158.966628   802.026393   -0.153390
A-95   78.705697   718.393114   -0.126081
A-96   -0.588385   561.071824   -0.030436
A-97   0.434481   641.276019   0.018589
A-98   -0.633506   721.268006   0.003020
A-100   -0.055542   799.678679   0.000000
A-102   241.171098   719.215833   -0.404994
A-103   559.384710   159.207864   0.028781
A-104   398.350685   158.779374   0.486824
A-105   78.689706   559.394946   -0.181609
A-106   78.488120   801.840267   -0.111599
A-107   159.326677   398.903381   -0.273678
A-108   159.328549   317.930375   -0.301510
A-109   318.957578   640.211348   -0.558844
A-110   318.312354   158.529596   0.041211
A-111   478.912504   398.508853   -0.531527
